# From http://tools.medialab.sciences-po.fr/iwanthue/

# From http://tools.medialab.sciences-po.fr/iwanthue/

colors <- c(
  "#d37181",
  "#50da4e",
  "#6a38cd",
  "#8dd443",
  "#c14cd3",
  "#b0c540",
  "#726ce2",
  "#ddba36",
  "#563193",
  "#57a33f",
  "#db44a8",
  "#5acf90",
  "#d23a69",
  "#66ccc4",
  "#e04734",
  "#558ac8",
  "#d57e31",
  "#6775c8",
  "#907f2c",
  "#d990da",
  "#366727",
  "#81246a",
  "#a6c984",
  "#4e3e75",
  "#d6b96e",
  "#a95f9b",
  "#718b54",
  "#b0a4d9",
  "#993a27",
  "#91c4e3",
  "#714a23",
  "#5a8da6",
  "#db9675",
  "#494a61",
  "#b0bba2",
  "#742f3f",
  "#bac2c0", 
  "#d1a7b7",
  "#3e472f",
  "#927267"
)


